    1.171903968750000         0.000000000000000         5.859519843750000     
    1.269562632812500         0.000000000000000         5.859519843750000     
    1.367221296875000         0.000000000000000         5.859519843750000     
    1.074245304687500        9.7658664062499997E-002    5.859519843750000     
    1.171903968750000        9.7658664062499997E-002    5.859519843750000     
    1.269562632812500        9.7658664062499997E-002    5.859519843750000     
    1.367221296875000        9.7658664062499997E-002    5.859519843750000     
    1.464879960937500        9.7658664062499997E-002    5.859519843750000     
   0.9765866406250000        0.1953173281250000         5.859519843750000     
    1.074245304687500        0.1953173281250000         5.859519843750000     
    1.171903968750000        0.1953173281250000         5.859519843750000     
    1.269562632812500        0.1953173281250000         5.859519843750000     
    1.367221296875000        0.1953173281250000         5.859519843750000     
    1.464879960937500        0.1953173281250000         5.859519843750000     
   0.9765866406250000        0.2929759921875000         5.859519843750000     
    1.074245304687500        0.2929759921875000         5.859519843750000     
    1.171903968750000        0.2929759921875000         5.859519843750000     
    1.269562632812500        0.2929759921875000         5.859519843750000     
    1.367221296875000        0.2929759921875000         5.859519843750000     
    1.464879960937500        0.2929759921875000         5.859519843750000     
    1.074245304687500        0.3906346562500000         5.859519843750000     
    1.171903968750000        0.3906346562500000         5.859519843750000     
    1.269562632812500        0.3906346562500000         5.859519843750000     
    1.367221296875000        0.3906346562500000         5.859519843750000     
    1.464879960937500        0.3906346562500000         5.859519843750000     
    1.171903968750000        0.4882933203125000         5.859519843750000     
    1.269562632812500        0.4882933203125000         5.859519843750000     
    1.367221296875000        0.4882933203125000         5.859519843750000     
    1.171903968750000         12.50030900000000         5.859519843750000     
    1.269562632812500         12.50030900000000         5.859519843750000     
    1.367221296875000         12.50030900000000         5.859519843750000     
   0.9765866406250000         0.000000000000000         5.957178507812499     
    1.074245304687500         0.000000000000000         5.957178507812499     
    1.171903968750000         0.000000000000000         5.957178507812499     
    1.269562632812500         0.000000000000000         5.957178507812499     
    1.367221296875000         0.000000000000000         5.957178507812499     
    1.464879960937500         0.000000000000000         5.957178507812499     
   0.9765866406250000        9.7658664062499997E-002    5.957178507812499     
    1.074245304687500        9.7658664062499997E-002    5.957178507812499     
    1.171903968750000        9.7658664062499997E-002    5.957178507812499     
    1.269562632812500        9.7658664062499997E-002    5.957178507812499     
    1.367221296875000        9.7658664062499997E-002    5.957178507812499     
    1.464879960937500        9.7658664062499997E-002    5.957178507812499     
    1.562538625000000        9.7658664062499997E-002    5.957178507812499     
   0.8789279765625000        0.1953173281250000         5.957178507812499     
   0.9765866406250000        0.1953173281250000         5.957178507812499     
    1.074245304687500        0.1953173281250000         5.957178507812499     
    1.171903968750000        0.1953173281250000         5.957178507812499     
    1.269562632812500        0.1953173281250000         5.957178507812499     
    1.367221296875000        0.1953173281250000         5.957178507812499     
    1.464879960937500        0.1953173281250000         5.957178507812499     
    1.562538625000000        0.1953173281250000         5.957178507812499     
   0.8789279765625000        0.2929759921875000         5.957178507812499     
   0.9765866406250000        0.2929759921875000         5.957178507812499     
    1.074245304687500        0.2929759921875000         5.957178507812499     
    1.171903968750000        0.2929759921875000         5.957178507812499     
    1.269562632812500        0.2929759921875000         5.957178507812499     
    1.367221296875000        0.2929759921875000         5.957178507812499     
    1.464879960937500        0.2929759921875000         5.957178507812499     
    1.562538625000000        0.2929759921875000         5.957178507812499     
   0.9765866406250000        0.3906346562500000         5.957178507812499     
    1.074245304687500        0.3906346562500000         5.957178507812499     
    1.171903968750000        0.3906346562500000         5.957178507812499     
    1.269562632812500        0.3906346562500000         5.957178507812499     
    1.367221296875000        0.3906346562500000         5.957178507812499     
    1.464879960937500        0.3906346562500000         5.957178507812499     
    1.562538625000000        0.3906346562500000         5.957178507812499     
   0.9765866406250000        0.4882933203125000         5.957178507812499     
    1.074245304687500        0.4882933203125000         5.957178507812499     
    1.171903968750000        0.4882933203125000         5.957178507812499     
    1.269562632812500        0.4882933203125000         5.957178507812499     
    1.367221296875000        0.4882933203125000         5.957178507812499     
    1.464879960937500        0.4882933203125000         5.957178507812499     
    1.171903968750000        0.5859519843750000         5.957178507812499     
    1.269562632812500        0.5859519843750000         5.957178507812499     
    1.367221296875000        0.5859519843750000         5.957178507812499     
    1.074245304687500         12.40265033593750         5.957178507812499     
    1.171903968750000         12.40265033593750         5.957178507812499     
    1.269562632812500         12.40265033593750         5.957178507812499     
    1.367221296875000         12.40265033593750         5.957178507812499     
   0.9765866406250000         12.50030900000000         5.957178507812499     
    1.074245304687500         12.50030900000000         5.957178507812499     
    1.171903968750000         12.50030900000000         5.957178507812499     
    1.269562632812500         12.50030900000000         5.957178507812499     
    1.367221296875000         12.50030900000000         5.957178507812499     
    1.464879960937500         12.50030900000000         5.957178507812499     
   0.8789279765625000         0.000000000000000         6.054837171875000     
   0.9765866406250000         0.000000000000000         6.054837171875000     
    1.074245304687500         0.000000000000000         6.054837171875000     
    1.171903968750000         0.000000000000000         6.054837171875000     
    1.269562632812500         0.000000000000000         6.054837171875000     
    1.367221296875000         0.000000000000000         6.054837171875000     
    1.464879960937500         0.000000000000000         6.054837171875000     
    1.562538625000000         0.000000000000000         6.054837171875000     
   0.8789279765625000        9.7658664062499997E-002    6.054837171875000     
   0.9765866406250000        9.7658664062499997E-002    6.054837171875000     
    1.074245304687500        9.7658664062499997E-002    6.054837171875000     
    1.171903968750000        9.7658664062499997E-002    6.054837171875000     
    1.269562632812500        9.7658664062499997E-002    6.054837171875000     
    1.367221296875000        9.7658664062499997E-002    6.054837171875000     
    1.464879960937500        9.7658664062499997E-002    6.054837171875000     
    1.562538625000000        9.7658664062499997E-002    6.054837171875000     
    1.660197289062500        9.7658664062499997E-002    6.054837171875000     
   0.8789279765625000        0.1953173281250000         6.054837171875000     
   0.9765866406250000        0.1953173281250000         6.054837171875000     
    1.074245304687500        0.1953173281250000         6.054837171875000     
    1.171903968750000        0.1953173281250000         6.054837171875000     
    1.269562632812500        0.1953173281250000         6.054837171875000     
    1.367221296875000        0.1953173281250000         6.054837171875000     
    1.464879960937500        0.1953173281250000         6.054837171875000     
    1.562538625000000        0.1953173281250000         6.054837171875000     
    1.660197289062500        0.1953173281250000         6.054837171875000     
   0.8789279765625000        0.2929759921875000         6.054837171875000     
   0.9765866406250000        0.2929759921875000         6.054837171875000     
    1.074245304687500        0.2929759921875000         6.054837171875000     
    1.171903968750000        0.2929759921875000         6.054837171875000     
    1.269562632812500        0.2929759921875000         6.054837171875000     
    1.367221296875000        0.2929759921875000         6.054837171875000     
    1.464879960937500        0.2929759921875000         6.054837171875000     
    1.562538625000000        0.2929759921875000         6.054837171875000     
    1.660197289062500        0.2929759921875000         6.054837171875000     
   0.8789279765625000        0.3906346562500000         6.054837171875000     
   0.9765866406250000        0.3906346562500000         6.054837171875000     
    1.074245304687500        0.3906346562500000         6.054837171875000     
    1.171903968750000        0.3906346562500000         6.054837171875000     
    1.269562632812500        0.3906346562500000         6.054837171875000     
    1.367221296875000        0.3906346562500000         6.054837171875000     
    1.464879960937500        0.3906346562500000         6.054837171875000     
    1.562538625000000        0.3906346562500000         6.054837171875000     
    1.660197289062500        0.3906346562500000         6.054837171875000     
   0.8789279765625000        0.4882933203125000         6.054837171875000     
   0.9765866406250000        0.4882933203125000         6.054837171875000     
    1.074245304687500        0.4882933203125000         6.054837171875000     
    1.171903968750000        0.4882933203125000         6.054837171875000     
    1.269562632812500        0.4882933203125000         6.054837171875000     
    1.367221296875000        0.4882933203125000         6.054837171875000     
    1.464879960937500        0.4882933203125000         6.054837171875000     
    1.562538625000000        0.4882933203125000         6.054837171875000     
   0.9765866406250000        0.5859519843750000         6.054837171875000     
    1.074245304687500        0.5859519843750000         6.054837171875000     
    1.171903968750000        0.5859519843750000         6.054837171875000     
    1.269562632812500        0.5859519843750000         6.054837171875000     
    1.367221296875000        0.5859519843750000         6.054837171875000     
    1.464879960937500        0.5859519843750000         6.054837171875000     
    1.269562632812500        0.6836106484375000         6.054837171875000     
    1.171903968750000         12.30499167187500         6.054837171875000     
    1.269562632812500         12.30499167187500         6.054837171875000     
    1.367221296875000         12.30499167187500         6.054837171875000     
   0.9765866406250000         12.40265033593750         6.054837171875000     
    1.074245304687500         12.40265033593750         6.054837171875000     
    1.171903968750000         12.40265033593750         6.054837171875000     
    1.269562632812500         12.40265033593750         6.054837171875000     
    1.367221296875000         12.40265033593750         6.054837171875000     
    1.464879960937500         12.40265033593750         6.054837171875000     
   0.8789279765625000         12.50030900000000         6.054837171875000     
   0.9765866406250000         12.50030900000000         6.054837171875000     
    1.074245304687500         12.50030900000000         6.054837171875000     
    1.171903968750000         12.50030900000000         6.054837171875000     
    1.269562632812500         12.50030900000000         6.054837171875000     
    1.367221296875000         12.50030900000000         6.054837171875000     
    1.464879960937500         12.50030900000000         6.054837171875000     
    1.562538625000000         12.50030900000000         6.054837171875000     
   0.8789279765625000         0.000000000000000         6.152495835937500     
   0.9765866406250000         0.000000000000000         6.152495835937500     
    1.074245304687500         0.000000000000000         6.152495835937500     
    1.171903968750000         0.000000000000000         6.152495835937500     
    1.269562632812500         0.000000000000000         6.152495835937500     
    1.367221296875000         0.000000000000000         6.152495835937500     
    1.464879960937500         0.000000000000000         6.152495835937500     
    1.562538625000000         0.000000000000000         6.152495835937500     
    1.660197289062500         0.000000000000000         6.152495835937500     
   0.7812693125000000        9.7658664062499997E-002    6.152495835937500     
   0.8789279765625000        9.7658664062499997E-002    6.152495835937500     
   0.9765866406250000        9.7658664062499997E-002    6.152495835937500     
    1.074245304687500        9.7658664062499997E-002    6.152495835937500     
    1.171903968750000        9.7658664062499997E-002    6.152495835937500     
    1.269562632812500        9.7658664062499997E-002    6.152495835937500     
    1.367221296875000        9.7658664062499997E-002    6.152495835937500     
    1.464879960937500        9.7658664062499997E-002    6.152495835937500     
    1.562538625000000        9.7658664062499997E-002    6.152495835937500     
    1.660197289062500        9.7658664062499997E-002    6.152495835937500     
   0.7812693125000000        0.1953173281250000         6.152495835937500     
   0.8789279765625000        0.1953173281250000         6.152495835937500     
   0.9765866406250000        0.1953173281250000         6.152495835937500     
    1.074245304687500        0.1953173281250000         6.152495835937500     
    1.171903968750000        0.1953173281250000         6.152495835937500     
    1.269562632812500        0.1953173281250000         6.152495835937500     
    1.367221296875000        0.1953173281250000         6.152495835937500     
    1.464879960937500        0.1953173281250000         6.152495835937500     
    1.562538625000000        0.1953173281250000         6.152495835937500     
    1.660197289062500        0.1953173281250000         6.152495835937500     
   0.7812693125000000        0.2929759921875000         6.152495835937500     
   0.8789279765625000        0.2929759921875000         6.152495835937500     
   0.9765866406250000        0.2929759921875000         6.152495835937500     
    1.074245304687500        0.2929759921875000         6.152495835937500     
    1.171903968750000        0.2929759921875000         6.152495835937500     
    1.269562632812500        0.2929759921875000         6.152495835937500     
    1.367221296875000        0.2929759921875000         6.152495835937500     
    1.464879960937500        0.2929759921875000         6.152495835937500     
    1.562538625000000        0.2929759921875000         6.152495835937500     
    1.660197289062500        0.2929759921875000         6.152495835937500     
   0.8789279765625000        0.3906346562500000         6.152495835937500     
   0.9765866406250000        0.3906346562500000         6.152495835937500     
    1.074245304687500        0.3906346562500000         6.152495835937500     
    1.171903968750000        0.3906346562500000         6.152495835937500     
    1.269562632812500        0.3906346562500000         6.152495835937500     
    1.367221296875000        0.3906346562500000         6.152495835937500     
    1.464879960937500        0.3906346562500000         6.152495835937500     
    1.562538625000000        0.3906346562500000         6.152495835937500     
    1.660197289062500        0.3906346562500000         6.152495835937500     
   0.8789279765625000        0.4882933203125000         6.152495835937500     
   0.9765866406250000        0.4882933203125000         6.152495835937500     
    1.074245304687500        0.4882933203125000         6.152495835937500     
    1.171903968750000        0.4882933203125000         6.152495835937500     
    1.269562632812500        0.4882933203125000         6.152495835937500     
    1.367221296875000        0.4882933203125000         6.152495835937500     
    1.464879960937500        0.4882933203125000         6.152495835937500     
    1.562538625000000        0.4882933203125000         6.152495835937500     
   0.9765866406250000        0.5859519843750000         6.152495835937500     
    1.074245304687500        0.5859519843750000         6.152495835937500     
    1.171903968750000        0.5859519843750000         6.152495835937500     
    1.269562632812500        0.5859519843750000         6.152495835937500     
    1.367221296875000        0.5859519843750000         6.152495835937500     
    1.464879960937500        0.5859519843750000         6.152495835937500     
    1.562538625000000        0.5859519843750000         6.152495835937500     
    1.074245304687500        0.6836106484375000         6.152495835937500     
    1.171903968750000        0.6836106484375000         6.152495835937500     
    1.269562632812500        0.6836106484375000         6.152495835937500     
    1.367221296875000        0.6836106484375000         6.152495835937500     
    1.074245304687500         12.30499167187500         6.152495835937500     
    1.171903968750000         12.30499167187500         6.152495835937500     
    1.269562632812500         12.30499167187500         6.152495835937500     
    1.367221296875000         12.30499167187500         6.152495835937500     
    1.464879960937500         12.30499167187500         6.152495835937500     
   0.9765866406250000         12.40265033593750         6.152495835937500     
    1.074245304687500         12.40265033593750         6.152495835937500     
    1.171903968750000         12.40265033593750         6.152495835937500     
    1.269562632812500         12.40265033593750         6.152495835937500     
    1.367221296875000         12.40265033593750         6.152495835937500     
    1.464879960937500         12.40265033593750         6.152495835937500     
    1.562538625000000         12.40265033593750         6.152495835937500     
   0.8789279765625000         12.50030900000000         6.152495835937500     
   0.9765866406250000         12.50030900000000         6.152495835937500     
    1.074245304687500         12.50030900000000         6.152495835937500     
    1.171903968750000         12.50030900000000         6.152495835937500     
    1.269562632812500         12.50030900000000         6.152495835937500     
    1.367221296875000         12.50030900000000         6.152495835937500     
    1.464879960937500         12.50030900000000         6.152495835937500     
    1.562538625000000         12.50030900000000         6.152495835937500     
    1.660197289062500         12.50030900000000         6.152495835937500     
   0.8789279765625000         0.000000000000000         6.250154500000000     
   0.9765866406250000         0.000000000000000         6.250154500000000     
    1.074245304687500         0.000000000000000         6.250154500000000     
    1.171903968750000         0.000000000000000         6.250154500000000     
    1.269562632812500         0.000000000000000         6.250154500000000     
    1.367221296875000         0.000000000000000         6.250154500000000     
    1.464879960937500         0.000000000000000         6.250154500000000     
    1.562538625000000         0.000000000000000         6.250154500000000     
    1.660197289062500         0.000000000000000         6.250154500000000     
   0.7812693125000000        9.7658664062499997E-002    6.250154500000000     
   0.8789279765625000        9.7658664062499997E-002    6.250154500000000     
   0.9765866406250000        9.7658664062499997E-002    6.250154500000000     
    1.074245304687500        9.7658664062499997E-002    6.250154500000000     
    1.171903968750000        9.7658664062499997E-002    6.250154500000000     
    1.269562632812500        9.7658664062499997E-002    6.250154500000000     
    1.367221296875000        9.7658664062499997E-002    6.250154500000000     
    1.464879960937500        9.7658664062499997E-002    6.250154500000000     
    1.562538625000000        9.7658664062499997E-002    6.250154500000000     
    1.660197289062500        9.7658664062499997E-002    6.250154500000000     
   0.7812693125000000        0.1953173281250000         6.250154500000000     
   0.8789279765625000        0.1953173281250000         6.250154500000000     
   0.9765866406250000        0.1953173281250000         6.250154500000000     
    1.074245304687500        0.1953173281250000         6.250154500000000     
    1.171903968750000        0.1953173281250000         6.250154500000000     
    1.269562632812500        0.1953173281250000         6.250154500000000     
    1.367221296875000        0.1953173281250000         6.250154500000000     
    1.464879960937500        0.1953173281250000         6.250154500000000     
    1.562538625000000        0.1953173281250000         6.250154500000000     
    1.660197289062500        0.1953173281250000         6.250154500000000     
   0.7812693125000000        0.2929759921875000         6.250154500000000     
   0.8789279765625000        0.2929759921875000         6.250154500000000     
   0.9765866406250000        0.2929759921875000         6.250154500000000     
    1.074245304687500        0.2929759921875000         6.250154500000000     
    1.171903968750000        0.2929759921875000         6.250154500000000     
    1.269562632812500        0.2929759921875000         6.250154500000000     
    1.367221296875000        0.2929759921875000         6.250154500000000     
    1.464879960937500        0.2929759921875000         6.250154500000000     
    1.562538625000000        0.2929759921875000         6.250154500000000     
    1.660197289062500        0.2929759921875000         6.250154500000000     
   0.7812693125000000        0.3906346562500000         6.250154500000000     
   0.8789279765625000        0.3906346562500000         6.250154500000000     
   0.9765866406250000        0.3906346562500000         6.250154500000000     
    1.074245304687500        0.3906346562500000         6.250154500000000     
    1.171903968750000        0.3906346562500000         6.250154500000000     
    1.269562632812500        0.3906346562500000         6.250154500000000     
    1.367221296875000        0.3906346562500000         6.250154500000000     
    1.464879960937500        0.3906346562500000         6.250154500000000     
    1.562538625000000        0.3906346562500000         6.250154500000000     
    1.660197289062500        0.3906346562500000         6.250154500000000     
   0.8789279765625000        0.4882933203125000         6.250154500000000     
   0.9765866406250000        0.4882933203125000         6.250154500000000     
    1.074245304687500        0.4882933203125000         6.250154500000000     
    1.171903968750000        0.4882933203125000         6.250154500000000     
    1.269562632812500        0.4882933203125000         6.250154500000000     
    1.367221296875000        0.4882933203125000         6.250154500000000     
    1.464879960937500        0.4882933203125000         6.250154500000000     
    1.562538625000000        0.4882933203125000         6.250154500000000     
    1.660197289062500        0.4882933203125000         6.250154500000000     
   0.9765866406250000        0.5859519843750000         6.250154500000000     
    1.074245304687500        0.5859519843750000         6.250154500000000     
    1.171903968750000        0.5859519843750000         6.250154500000000     
    1.269562632812500        0.5859519843750000         6.250154500000000     
    1.367221296875000        0.5859519843750000         6.250154500000000     
    1.464879960937500        0.5859519843750000         6.250154500000000     
    1.562538625000000        0.5859519843750000         6.250154500000000     
    1.074245304687500        0.6836106484375000         6.250154500000000     
    1.171903968750000        0.6836106484375000         6.250154500000000     
    1.269562632812500        0.6836106484375000         6.250154500000000     
    1.367221296875000        0.6836106484375000         6.250154500000000     
    1.464879960937500        0.6836106484375000         6.250154500000000     
    1.074245304687500         12.30499167187500         6.250154500000000     
    1.171903968750000         12.30499167187500         6.250154500000000     
    1.269562632812500         12.30499167187500         6.250154500000000     
    1.367221296875000         12.30499167187500         6.250154500000000     
    1.464879960937500         12.30499167187500         6.250154500000000     
   0.8789279765625000         12.40265033593750         6.250154500000000     
   0.9765866406250000         12.40265033593750         6.250154500000000     
    1.074245304687500         12.40265033593750         6.250154500000000     
    1.171903968750000         12.40265033593750         6.250154500000000     
    1.269562632812500         12.40265033593750         6.250154500000000     
    1.367221296875000         12.40265033593750         6.250154500000000     
    1.464879960937500         12.40265033593750         6.250154500000000     
    1.562538625000000         12.40265033593750         6.250154500000000     
   0.8789279765625000         12.50030900000000         6.250154500000000     
   0.9765866406250000         12.50030900000000         6.250154500000000     
    1.074245304687500         12.50030900000000         6.250154500000000     
    1.171903968750000         12.50030900000000         6.250154500000000     
    1.269562632812500         12.50030900000000         6.250154500000000     
    1.367221296875000         12.50030900000000         6.250154500000000     
    1.464879960937500         12.50030900000000         6.250154500000000     
    1.562538625000000         12.50030900000000         6.250154500000000     
    1.660197289062500         12.50030900000000         6.250154500000000     
   0.8789279765625000         0.000000000000000         6.347813164062500     
   0.9765866406250000         0.000000000000000         6.347813164062500     
    1.074245304687500         0.000000000000000         6.347813164062500     
    1.171903968750000         0.000000000000000         6.347813164062500     
    1.269562632812500         0.000000000000000         6.347813164062500     
    1.367221296875000         0.000000000000000         6.347813164062500     
    1.464879960937500         0.000000000000000         6.347813164062500     
    1.562538625000000         0.000000000000000         6.347813164062500     
    1.660197289062500         0.000000000000000         6.347813164062500     
   0.7812693125000000        9.7658664062499997E-002    6.347813164062500     
   0.8789279765625000        9.7658664062499997E-002    6.347813164062500     
   0.9765866406250000        9.7658664062499997E-002    6.347813164062500     
    1.074245304687500        9.7658664062499997E-002    6.347813164062500     
    1.171903968750000        9.7658664062499997E-002    6.347813164062500     
    1.269562632812500        9.7658664062499997E-002    6.347813164062500     
    1.367221296875000        9.7658664062499997E-002    6.347813164062500     
    1.464879960937500        9.7658664062499997E-002    6.347813164062500     
    1.562538625000000        9.7658664062499997E-002    6.347813164062500     
    1.660197289062500        9.7658664062499997E-002    6.347813164062500     
   0.7812693125000000        0.1953173281250000         6.347813164062500     
   0.8789279765625000        0.1953173281250000         6.347813164062500     
   0.9765866406250000        0.1953173281250000         6.347813164062500     
    1.074245304687500        0.1953173281250000         6.347813164062500     
    1.171903968750000        0.1953173281250000         6.347813164062500     
    1.269562632812500        0.1953173281250000         6.347813164062500     
    1.367221296875000        0.1953173281250000         6.347813164062500     
    1.464879960937500        0.1953173281250000         6.347813164062500     
    1.562538625000000        0.1953173281250000         6.347813164062500     
    1.660197289062500        0.1953173281250000         6.347813164062500     
   0.7812693125000000        0.2929759921875000         6.347813164062500     
   0.8789279765625000        0.2929759921875000         6.347813164062500     
   0.9765866406250000        0.2929759921875000         6.347813164062500     
    1.074245304687500        0.2929759921875000         6.347813164062500     
    1.171903968750000        0.2929759921875000         6.347813164062500     
    1.269562632812500        0.2929759921875000         6.347813164062500     
    1.367221296875000        0.2929759921875000         6.347813164062500     
    1.464879960937500        0.2929759921875000         6.347813164062500     
    1.562538625000000        0.2929759921875000         6.347813164062500     
    1.660197289062500        0.2929759921875000         6.347813164062500     
   0.7812693125000000        0.3906346562500000         6.347813164062500     
   0.8789279765625000        0.3906346562500000         6.347813164062500     
   0.9765866406250000        0.3906346562500000         6.347813164062500     
    1.074245304687500        0.3906346562500000         6.347813164062500     
    1.171903968750000        0.3906346562500000         6.347813164062500     
    1.269562632812500        0.3906346562500000         6.347813164062500     
    1.367221296875000        0.3906346562500000         6.347813164062500     
    1.464879960937500        0.3906346562500000         6.347813164062500     
    1.562538625000000        0.3906346562500000         6.347813164062500     
    1.660197289062500        0.3906346562500000         6.347813164062500     
   0.8789279765625000        0.4882933203125000         6.347813164062500     
   0.9765866406250000        0.4882933203125000         6.347813164062500     
    1.074245304687500        0.4882933203125000         6.347813164062500     
    1.171903968750000        0.4882933203125000         6.347813164062500     
    1.269562632812500        0.4882933203125000         6.347813164062500     
    1.367221296875000        0.4882933203125000         6.347813164062500     
    1.464879960937500        0.4882933203125000         6.347813164062500     
    1.562538625000000        0.4882933203125000         6.347813164062500     
    1.660197289062500        0.4882933203125000         6.347813164062500     
   0.9765866406250000        0.5859519843750000         6.347813164062500     
    1.074245304687500        0.5859519843750000         6.347813164062500     
    1.171903968750000        0.5859519843750000         6.347813164062500     
    1.269562632812500        0.5859519843750000         6.347813164062500     
    1.367221296875000        0.5859519843750000         6.347813164062500     
    1.464879960937500        0.5859519843750000         6.347813164062500     
    1.562538625000000        0.5859519843750000         6.347813164062500     
    1.074245304687500        0.6836106484375000         6.347813164062500     
    1.171903968750000        0.6836106484375000         6.347813164062500     
    1.269562632812500        0.6836106484375000         6.347813164062500     
    1.367221296875000        0.6836106484375000         6.347813164062500     
    1.074245304687500         12.30499167187500         6.347813164062500     
    1.171903968750000         12.30499167187500         6.347813164062500     
    1.269562632812500         12.30499167187500         6.347813164062500     
    1.367221296875000         12.30499167187500         6.347813164062500     
    1.464879960937500         12.30499167187500         6.347813164062500     
   0.9765866406250000         12.40265033593750         6.347813164062500     
    1.074245304687500         12.40265033593750         6.347813164062500     
    1.171903968750000         12.40265033593750         6.347813164062500     
    1.269562632812500         12.40265033593750         6.347813164062500     
    1.367221296875000         12.40265033593750         6.347813164062500     
    1.464879960937500         12.40265033593750         6.347813164062500     
    1.562538625000000         12.40265033593750         6.347813164062500     
   0.8789279765625000         12.50030900000000         6.347813164062500     
   0.9765866406250000         12.50030900000000         6.347813164062500     
    1.074245304687500         12.50030900000000         6.347813164062500     
    1.171903968750000         12.50030900000000         6.347813164062500     
    1.269562632812500         12.50030900000000         6.347813164062500     
    1.367221296875000         12.50030900000000         6.347813164062500     
    1.464879960937500         12.50030900000000         6.347813164062500     
    1.562538625000000         12.50030900000000         6.347813164062500     
    1.660197289062500         12.50030900000000         6.347813164062500     
   0.8789279765625000         0.000000000000000         6.445471828125000     
   0.9765866406250000         0.000000000000000         6.445471828125000     
    1.074245304687500         0.000000000000000         6.445471828125000     
    1.171903968750000         0.000000000000000         6.445471828125000     
    1.269562632812500         0.000000000000000         6.445471828125000     
    1.367221296875000         0.000000000000000         6.445471828125000     
    1.464879960937500         0.000000000000000         6.445471828125000     
    1.562538625000000         0.000000000000000         6.445471828125000     
   0.8789279765625000        9.7658664062499997E-002    6.445471828125000     
   0.9765866406250000        9.7658664062499997E-002    6.445471828125000     
    1.074245304687500        9.7658664062499997E-002    6.445471828125000     
    1.171903968750000        9.7658664062499997E-002    6.445471828125000     
    1.269562632812500        9.7658664062499997E-002    6.445471828125000     
    1.367221296875000        9.7658664062499997E-002    6.445471828125000     
    1.464879960937500        9.7658664062499997E-002    6.445471828125000     
    1.562538625000000        9.7658664062499997E-002    6.445471828125000     
    1.660197289062500        9.7658664062499997E-002    6.445471828125000     
   0.7812693125000000        0.1953173281250000         6.445471828125000     
   0.8789279765625000        0.1953173281250000         6.445471828125000     
   0.9765866406250000        0.1953173281250000         6.445471828125000     
    1.074245304687500        0.1953173281250000         6.445471828125000     
    1.171903968750000        0.1953173281250000         6.445471828125000     
    1.269562632812500        0.1953173281250000         6.445471828125000     
    1.367221296875000        0.1953173281250000         6.445471828125000     
    1.464879960937500        0.1953173281250000         6.445471828125000     
    1.562538625000000        0.1953173281250000         6.445471828125000     
    1.660197289062500        0.1953173281250000         6.445471828125000     
   0.7812693125000000        0.2929759921875000         6.445471828125000     
   0.8789279765625000        0.2929759921875000         6.445471828125000     
   0.9765866406250000        0.2929759921875000         6.445471828125000     
    1.074245304687500        0.2929759921875000         6.445471828125000     
    1.171903968750000        0.2929759921875000         6.445471828125000     
    1.269562632812500        0.2929759921875000         6.445471828125000     
    1.367221296875000        0.2929759921875000         6.445471828125000     
    1.464879960937500        0.2929759921875000         6.445471828125000     
    1.562538625000000        0.2929759921875000         6.445471828125000     
    1.660197289062500        0.2929759921875000         6.445471828125000     
   0.8789279765625000        0.3906346562500000         6.445471828125000     
   0.9765866406250000        0.3906346562500000         6.445471828125000     
    1.074245304687500        0.3906346562500000         6.445471828125000     
    1.171903968750000        0.3906346562500000         6.445471828125000     
    1.269562632812500        0.3906346562500000         6.445471828125000     
    1.367221296875000        0.3906346562500000         6.445471828125000     
    1.464879960937500        0.3906346562500000         6.445471828125000     
    1.562538625000000        0.3906346562500000         6.445471828125000     
    1.660197289062500        0.3906346562500000         6.445471828125000     
   0.8789279765625000        0.4882933203125000         6.445471828125000     
   0.9765866406250000        0.4882933203125000         6.445471828125000     
    1.074245304687500        0.4882933203125000         6.445471828125000     
    1.171903968750000        0.4882933203125000         6.445471828125000     
    1.269562632812500        0.4882933203125000         6.445471828125000     
    1.367221296875000        0.4882933203125000         6.445471828125000     
    1.464879960937500        0.4882933203125000         6.445471828125000     
    1.562538625000000        0.4882933203125000         6.445471828125000     
   0.9765866406250000        0.5859519843750000         6.445471828125000     
    1.074245304687500        0.5859519843750000         6.445471828125000     
    1.171903968750000        0.5859519843750000         6.445471828125000     
    1.269562632812500        0.5859519843750000         6.445471828125000     
    1.367221296875000        0.5859519843750000         6.445471828125000     
    1.464879960937500        0.5859519843750000         6.445471828125000     
    1.171903968750000        0.6836106484375000         6.445471828125000     
    1.269562632812500        0.6836106484375000         6.445471828125000     
    1.367221296875000        0.6836106484375000         6.445471828125000     
    1.074245304687500         12.30499167187500         6.445471828125000     
    1.171903968750000         12.30499167187500         6.445471828125000     
    1.269562632812500         12.30499167187500         6.445471828125000     
    1.367221296875000         12.30499167187500         6.445471828125000     
   0.9765866406250000         12.40265033593750         6.445471828125000     
    1.074245304687500         12.40265033593750         6.445471828125000     
    1.171903968750000         12.40265033593750         6.445471828125000     
    1.269562632812500         12.40265033593750         6.445471828125000     
    1.367221296875000         12.40265033593750         6.445471828125000     
    1.464879960937500         12.40265033593750         6.445471828125000     
    1.562538625000000         12.40265033593750         6.445471828125000     
   0.8789279765625000         12.50030900000000         6.445471828125000     
   0.9765866406250000         12.50030900000000         6.445471828125000     
    1.074245304687500         12.50030900000000         6.445471828125000     
    1.171903968750000         12.50030900000000         6.445471828125000     
    1.269562632812500         12.50030900000000         6.445471828125000     
    1.367221296875000         12.50030900000000         6.445471828125000     
    1.464879960937500         12.50030900000000         6.445471828125000     
    1.562538625000000         12.50030900000000         6.445471828125000     
   0.9765866406250000         0.000000000000000         6.543130492187500     
    1.074245304687500         0.000000000000000         6.543130492187500     
    1.171903968750000         0.000000000000000         6.543130492187500     
    1.269562632812500         0.000000000000000         6.543130492187500     
    1.367221296875000         0.000000000000000         6.543130492187500     
    1.464879960937500         0.000000000000000         6.543130492187500     
    1.562538625000000         0.000000000000000         6.543130492187500     
   0.8789279765625000        9.7658664062499997E-002    6.543130492187500     
   0.9765866406250000        9.7658664062499997E-002    6.543130492187500     
    1.074245304687500        9.7658664062499997E-002    6.543130492187500     
    1.171903968750000        9.7658664062499997E-002    6.543130492187500     
    1.269562632812500        9.7658664062499997E-002    6.543130492187500     
    1.367221296875000        9.7658664062499997E-002    6.543130492187500     
    1.464879960937500        9.7658664062499997E-002    6.543130492187500     
    1.562538625000000        9.7658664062499997E-002    6.543130492187500     
   0.8789279765625000        0.1953173281250000         6.543130492187500     
   0.9765866406250000        0.1953173281250000         6.543130492187500     
    1.074245304687500        0.1953173281250000         6.543130492187500     
    1.171903968750000        0.1953173281250000         6.543130492187500     
    1.269562632812500        0.1953173281250000         6.543130492187500     
    1.367221296875000        0.1953173281250000         6.543130492187500     
    1.464879960937500        0.1953173281250000         6.543130492187500     
    1.562538625000000        0.1953173281250000         6.543130492187500     
    1.660197289062500        0.1953173281250000         6.543130492187500     
   0.8789279765625000        0.2929759921875000         6.543130492187500     
   0.9765866406250000        0.2929759921875000         6.543130492187500     
    1.074245304687500        0.2929759921875000         6.543130492187500     
    1.171903968750000        0.2929759921875000         6.543130492187500     
    1.269562632812500        0.2929759921875000         6.543130492187500     
    1.367221296875000        0.2929759921875000         6.543130492187500     
    1.464879960937500        0.2929759921875000         6.543130492187500     
    1.562538625000000        0.2929759921875000         6.543130492187500     
    1.660197289062500        0.2929759921875000         6.543130492187500     
   0.8789279765625000        0.3906346562500000         6.543130492187500     
   0.9765866406250000        0.3906346562500000         6.543130492187500     
    1.074245304687500        0.3906346562500000         6.543130492187500     
    1.171903968750000        0.3906346562500000         6.543130492187500     
    1.269562632812500        0.3906346562500000         6.543130492187500     
    1.367221296875000        0.3906346562500000         6.543130492187500     
    1.464879960937500        0.3906346562500000         6.543130492187500     
    1.562538625000000        0.3906346562500000         6.543130492187500     
   0.9765866406250000        0.4882933203125000         6.543130492187500     
    1.074245304687500        0.4882933203125000         6.543130492187500     
    1.171903968750000        0.4882933203125000         6.543130492187500     
    1.269562632812500        0.4882933203125000         6.543130492187500     
    1.367221296875000        0.4882933203125000         6.543130492187500     
    1.464879960937500        0.4882933203125000         6.543130492187500     
    1.562538625000000        0.4882933203125000         6.543130492187500     
    1.074245304687500        0.5859519843750000         6.543130492187500     
    1.171903968750000        0.5859519843750000         6.543130492187500     
    1.269562632812500        0.5859519843750000         6.543130492187500     
    1.367221296875000        0.5859519843750000         6.543130492187500     
    1.464879960937500        0.5859519843750000         6.543130492187500     
    1.074245304687500         12.40265033593750         6.543130492187500     
    1.171903968750000         12.40265033593750         6.543130492187500     
    1.269562632812500         12.40265033593750         6.543130492187500     
    1.367221296875000         12.40265033593750         6.543130492187500     
    1.464879960937500         12.40265033593750         6.543130492187500     
   0.9765866406250000         12.50030900000000         6.543130492187500     
    1.074245304687500         12.50030900000000         6.543130492187500     
    1.171903968750000         12.50030900000000         6.543130492187500     
    1.269562632812500         12.50030900000000         6.543130492187500     
    1.367221296875000         12.50030900000000         6.543130492187500     
    1.464879960937500         12.50030900000000         6.543130492187500     
    1.562538625000000         12.50030900000000         6.543130492187500     
    1.074245304687500         0.000000000000000         6.640789156249999     
    1.171903968750000         0.000000000000000         6.640789156249999     
    1.269562632812500         0.000000000000000         6.640789156249999     
    1.367221296875000         0.000000000000000         6.640789156249999     
    1.464879960937500         0.000000000000000         6.640789156249999     
   0.9765866406250000        9.7658664062499997E-002    6.640789156249999     
    1.074245304687500        9.7658664062499997E-002    6.640789156249999     
    1.171903968750000        9.7658664062499997E-002    6.640789156249999     
    1.269562632812500        9.7658664062499997E-002    6.640789156249999     
    1.367221296875000        9.7658664062499997E-002    6.640789156249999     
    1.464879960937500        9.7658664062499997E-002    6.640789156249999     
   0.9765866406250000        0.1953173281250000         6.640789156249999     
    1.074245304687500        0.1953173281250000         6.640789156249999     
    1.171903968750000        0.1953173281250000         6.640789156249999     
    1.269562632812500        0.1953173281250000         6.640789156249999     
    1.367221296875000        0.1953173281250000         6.640789156249999     
    1.464879960937500        0.1953173281250000         6.640789156249999     
    1.562538625000000        0.1953173281250000         6.640789156249999     
   0.9765866406250000        0.2929759921875000         6.640789156249999     
    1.074245304687500        0.2929759921875000         6.640789156249999     
    1.171903968750000        0.2929759921875000         6.640789156249999     
    1.269562632812500        0.2929759921875000         6.640789156249999     
    1.367221296875000        0.2929759921875000         6.640789156249999     
    1.464879960937500        0.2929759921875000         6.640789156249999     
    1.562538625000000        0.2929759921875000         6.640789156249999     
   0.9765866406250000        0.3906346562500000         6.640789156249999     
    1.074245304687500        0.3906346562500000         6.640789156249999     
    1.171903968750000        0.3906346562500000         6.640789156249999     
    1.269562632812500        0.3906346562500000         6.640789156249999     
    1.367221296875000        0.3906346562500000         6.640789156249999     
    1.464879960937500        0.3906346562500000         6.640789156249999     
    1.074245304687500        0.4882933203125000         6.640789156249999     
    1.171903968750000        0.4882933203125000         6.640789156249999     
    1.269562632812500        0.4882933203125000         6.640789156249999     
    1.367221296875000        0.4882933203125000         6.640789156249999     
    1.464879960937500        0.4882933203125000         6.640789156249999     
    1.269562632812500         12.40265033593750         6.640789156249999     
    1.074245304687500         12.50030900000000         6.640789156249999     
    1.171903968750000         12.50030900000000         6.640789156249999     
    1.269562632812500         12.50030900000000         6.640789156249999     
    1.367221296875000         12.50030900000000         6.640789156249999     
    1.464879960937500         12.50030900000000         6.640789156249999     
    1.171903968750000        9.7658664062499997E-002    6.738447820312500     
    1.269562632812500        9.7658664062499997E-002    6.738447820312500     
    1.074245304687500        0.1953173281250000         6.738447820312500     
    1.171903968750000        0.1953173281250000         6.738447820312500     
    1.269562632812500        0.1953173281250000         6.738447820312500     
    1.367221296875000        0.1953173281250000         6.738447820312500     
    1.074245304687500        0.2929759921875000         6.738447820312500     
    1.171903968750000        0.2929759921875000         6.738447820312500     
    1.269562632812500        0.2929759921875000         6.738447820312500     
    1.367221296875000        0.2929759921875000         6.738447820312500     
    1.171903968750000        0.3906346562500000         6.738447820312500     
    1.269562632812500        0.3906346562500000         6.738447820312500     
