 H   5.0946324089999999        3.0961999720000000        6.7109195240000004     
 H   3.7197294770000000        1.1066100870000000        9.5376783369999991     
 H   9.2343010430000003        10.668424196000000       -1.4337580210000000     
 H   4.9927763799999996        12.364913409000000        5.2149937650000000     
 H   9.6289614050000001        6.2714378520000000        17.280599252999998     
 H   5.0998712629999998        4.2871238639999998        5.0370949710000001     
 H   7.8055225799999999        10.521524603000000        2.0025388519999998     
 H   14.188299317000000        7.5468607600000004        8.9199168629999992     
 H   5.5293197349999996        7.3612253960000000        9.8405264530000007     
 H   1.9948551990000001        12.574097160000001        8.5597059380000005     
 H   11.861771719000000        1.5685288719999999        10.061352102000001     
 H   5.6022403540000001        3.1270562950000000        3.1053494460000000     
 H   12.079051881000000        11.856903289000000        4.2457845399999998     
 H   2.3883937049999999        14.256669012000000        2.6236711840000000     
 H -0.73261938599999998        8.1133978800000008        2.2270316989999999     
 H   10.159884899000000        4.9780440859999997        1.6668923320000000     
 H   12.422752478000000        8.9978646659999999        5.8866731039999998     
 H   7.0264149759999999       -1.9927120309999999        9.6371636519999999     
 H -0.48338485900000000        4.1339164779999997        1.8947507459999999     
 H   1.8578776779999999        12.391001845000000        3.9838682809999999     
 H   7.6404192909999997        8.5612405509999991        5.0676549550000001     
 H   2.0250235910000001        5.2041932580000001        9.6080059880000004     
 H   4.3849898969999996        5.3506165909999996        10.850937415000001     
 H   7.5482895389999998        8.8885366549999993       0.43335803299999998     
 H   8.6906243790000008        5.1423641929999997        3.0568609379999998     
 H   2.9749019720000001        9.6642046070000003        1.4402510250000000     
 H   9.0986200069999992        3.5777618160000002        6.5623794809999998     
 H   5.4669297419999996        11.173206335000000        2.6776684259999999     
 H   4.3868631840000001        10.031771096000000      -0.91034884400000005     
 H   6.1630623599999996        1.3237738299999999        7.5131521719999999     
 H   4.5886014110000000        13.826289188000001        5.8420105470000001     
 H   12.524619091000000        4.5651112349999998        3.6078719989999999     
 H   11.227764506000000        8.2072209990000005        10.734518429000000     
 H   1.1854680740000001        2.0688606310000002        7.8557944150000001     
 H   12.426721306999999        12.051587584000000      -0.84592681000000003     
 H   3.5805717459999999      -0.16636855200000000        12.453180166999999     
 H   7.9948092669999999        6.6274682780000003        3.1217433560000001     
 H   6.7131420679999998        7.9415740399999999        14.514642901000000     
 H   4.7134660650000004        7.8923076419999996        4.5537550920000003     
 H   6.2522287189999997        3.6997107030000000        12.637016330000000     
 H   8.6590325000000004        1.3896722669999999        5.1661877509999998     
 H   11.679046829000001       0.45064360700000000        1.3218423330000000     
 H   6.0126172789999996        1.9141874249999999        13.620333419000000     
 H   8.9092804020000003        10.003142608999999       -3.9464237010000001     
 H   2.4683259220000000      -0.77922931500000003        1.8812143930000000     
 H   6.6210123159999998       0.12273365800000000        8.3665033389999994     
 H   10.680542354000000        7.8208687189999999        6.3218155219999996     
 H   4.9066104550000000        6.6807035050000003        1.6502232500000000     
 H   4.6682161219999996        10.467654362999999        6.8296139719999998     
 H   10.686892480999999        7.7505410680000004        8.4731854640000002     
 H   8.8346664149999992        2.7788735670000002        2.8035067659999999     
 H   2.9573703309999999        7.7557799220000003        6.9348673190000003     
 H  -2.3566219049999999        11.957552794000000        2.6145957950000001     
 H   9.4260219460000005        5.8977858249999997        11.347199802000000     
 H   3.2161115279999999        10.703191138999999        8.6450622209999999     
 H   11.055464406000000        5.1033797080000003        9.1849817270000003     
 H   5.8841859710000000        4.2538809510000002        9.9744612050000008     
 H   9.2720313779999994        2.8462431179999998        9.6033492280000008     
 H   1.5187597559999999        4.9599991430000001        5.3968137619999998     
 H   8.9822010209999998        1.7192544169999999      -0.96185895300000002     
 H   6.0729434810000003        4.6595905340000003        7.4349926980000003     
 H   2.4518790949999998        2.1775906720000000      -0.54040105699999996     
 H   12.673053297999999      -0.39080477699999999        7.4140372809999997     
 H   13.065702785999999        6.0529935000000004        3.6784007370000000     
 H   1.5979934590000000        8.0081445329999994        2.6156806079999999     
 H   3.8824779280000001        14.285032910000000        8.0175638869999997     
 H   9.1583641139999994        11.033238964000001        2.0112170000000000E-003
 H   5.9121794449999996        7.8435704209999999        6.8139503259999996     
 H   10.925604319000000        5.7028369420000002        17.908732599000000     
 H   3.7838975050000001        4.7089892259999999        5.9453059389999998     
 H   8.9993992800000004        9.4078711669999997        1.8386791290000000     
 H   13.405540390000001        7.3928172749999996        10.306202397000000     
 H   6.1359684870000004        6.6173609930000001        8.7362923719999994     
 H  0.83906338199999997        11.934004408000000        9.4127395979999999     
 H  0.53055306899999999        14.538614629000000        11.024137116000000     
 H   5.2327635350000001        2.0366178640000001        4.3481803299999999     
 H   13.042418989000000        11.040065350000001        5.0805562950000001     
 H   2.4039250559999998        2.8672620360000001        1.4563009700000000     
 H  -1.4920680570000000        8.1228172339999993       0.84683699499999998     
 H   11.020327040000000        6.2623889220000004        1.3836343560000000     
 H   1.4059762170000001        8.7333818969999992        5.8423280540000002     
 H   5.6298634040000000       -1.6918218700000001        9.0557566529999995     
 H  0.62124345900000000        2.9730286850000001        2.4504079820000002     
 H   3.2427450169999998        12.659083019000001        4.0483273559999997     
 H   10.484958457999999        11.415992838999999        7.2255972770000003     
 H   1.9643269649999999        3.7586557520000001        8.9989759379999992     
 H   3.5188855590000001        6.6709137270000003        10.695041809999999     
 H   6.3330340789999999        8.2327802580000000        12.301782568000000     
 H   7.8126135540000003        12.122656083000001        4.8937779069999996     
 H   3.5905996550000001        8.2107664860000007        1.6160066510000000     
 H   9.3796131050000007        5.0580186380000001        6.6576313789999997     
 H   6.3161004089999997        12.407776762999999        2.5265248320000002     
 H   2.9488558700000000        9.5414354950000000        11.050860565000001     
 H   10.424526420999999        9.3689237250000001        6.8070710229999998     
 H   6.7841047320000003        9.9226547560000000        4.8580372790000004     
 H   14.645455506999999        6.4325193939999998        6.9162402810000003     
 H   11.730535771000000        9.4349121230000002        11.713178759000000     
 H  0.10499828300000000        3.0582738420000002        8.1878531129999992     
 H  -1.4016316719999999       -1.1331430320000000        12.085719514000001     
 H   4.7544931740000003       0.81691731599999995        12.231084492999999     
 H   6.2630768520000002        6.6128629869999997        5.9593291349999999     
 H   6.4953327290000002        8.3567135599999993        16.089950534000000     
 H   3.7326202340000001        8.7579886380000005        4.0188416020000002     
 H   7.1027752470000003        3.8356404529999999        13.894500130999999     
 H   7.7790637189999998        2.6424305160000001        4.9321062130000000     
 H   11.382390085999999        1.9039531380000001        1.8298207019999999     
 H   7.2092457010000004        1.0572113940000001        13.056177597000000     
 H   8.0322220959999999        8.8068846119999993       -3.4415939359999999     
 H   13.990175369999999      -0.94792042600000004       0.56140410100000004     
 H   9.1942952459999994       -1.3881270699999999        6.5315813680000003     
 H   7.8469042379999996        12.746397259000000        6.4055313570000001     
 H   4.3547156679999999        6.5638611779999998       0.12662311000000001     
 H   4.3603725730000003        10.266143681999999        5.3083882500000001     
 H  -2.9724677570000000        7.1909890880000003       -3.0173366929999998     
 H   9.4348592050000004        3.1796565100000000        1.4076854599999999     
 H  0.75232065400000003        8.2584982700000005        3.8267079420000001     
 H  -2.6735408440000001        11.578926501000000        3.9126674870000002     
 H   8.1886997969999999        6.7168463090000001        11.364080553999999     
 H   4.1593275680000001        9.7119893089999998        9.2709730239999999     
 H  -2.0768988330000000        4.0504546489999997        8.1990187520000006     
 H   4.9317992899999998        3.1161129110000001        10.350177023000001     
 H   8.3737530660000008        1.4765896240000000        9.2148802399999994     
 H   1.8851091369999999        4.1818334740000003        6.8369166170000000     
 H   9.6872767339999992        1.5008047730000000       0.41395522200000001     
 H   7.6212630760000000        4.5854528070000002        7.9319430149999999     
 H   2.1006694730000000        3.4542148130000001        11.236919271000000     
 H -0.48701819000000002        7.9950208999999994E-002   6.2577850799999997     
 O   12.699088816000000        5.2936242059999996        4.2456416619999997     
 O   5.0094190029999996        2.1288852020000002        6.8988832679999996     
 O   3.2497883650000001        1.3077344689999999        8.6817871199999992     
 O   9.4351767110000004        11.387628940000001      -0.82660655000000005     
 O   6.3744157369999996        7.5762300949999997        5.9797024570000001     
 O  -2.3587491979999999        6.2480482200000003        18.129769919000001     
 O   4.7992668580000002        4.8564338720000002        5.7757046430000001     
 O   8.4015877880000005        10.080190811000000        1.3153704959999999     
 O   14.141996311000000        7.0365751779999997        9.7698812959999994     
 O   5.8462439650000002        7.5546925829999996        8.9458465470000004     
 O   1.4724567500000001        11.765249796000001        8.6720502590000006     
 O   2.0797723000000001E-002   1.2504563270000000        10.663026588999999     
 O   5.7093987390000001        2.8984041149999999        4.0451099590000004     
 O   12.895942738000000        12.001315749000000        4.8012089380000003     
 O   2.2044940409999998        2.6878603790000000        2.3640303860000000     
 O  -1.6850113590000000        8.0738154249999994        1.8577295080000000     
 O   10.916555389000001        5.3219881050000000        1.0816964240000000     
 O  0.68344294800000005        9.1465634619999996        5.3040489969999998     
 O   6.3709760849999997       -1.2727823140000001        9.5172520960000000     
 O -0.34253587800000002        3.3012138059999998        2.4383215749999998     
 O   2.6210570479999999        12.340306669000000        3.3516285190000001     
 O   9.7952818019999999        10.734200923000000        7.2158604159999999     
 O   2.2381655870000001        4.2559235749999997        9.7483967010000008     
 O   4.3262353510000002        6.3369499910000000        11.095787710000000     
 O   7.1703511759999996        7.9991485200000003        12.683689760000000     
 O   8.3246983389999993        12.391636858000000        5.6205498860000001     
 O   3.0270206360000000        8.9467461480000008        2.0443068090000001     
 O   9.0583496209999996        4.3188850800000003        7.2045889420000000     
 O   6.2915995039999997        11.536645242000001        2.9853320550000002     
 O   3.9012848860000000        9.4018914650000003       -1.4755365610000000     
 O   7.6004664120000003        9.4000922629999994        4.6172298979999997     
 O   4.5289525560000001        13.192652399000000        4.9444095829999997     
 O   14.526284800000001        7.3873667500000000        7.1110833290000004     
 O   11.868756857999999        8.4941937989999996       -1.0907876880000000     
 O  0.85857414600000004        2.8810841450000000        7.5390818550000001     
 O -0.46052069899999998        11.462719185999999      -0.20489794400000000     
 O   3.8401120000000000       0.60109239100000000        11.925378820000001     
 O   8.7637037509999995        6.1031065819999997        3.3493001389999999     
 O   6.4795103310000002        7.5603547789999999        15.418742161999999     
 O   3.9534194239999998        8.3925388569999999        4.8637629760000003     
 O   6.1601518850000003        3.6920482170000000        13.628482748000000     
 O   8.7067642840000001        2.3847476740000002        5.0227489770000000     
 O   10.960847522000000        1.0905495590000001        1.6590658009999999     
 O   6.3477452059999999        1.0082413360000000        13.427554162000000     
 O   8.6357487020000008        9.5265126979999994       -3.0731384290000001     
 O   2.3896584390000002       -1.0632493059999999       0.93594514500000003     
 O   7.0307013109999996       0.90442735100000005        7.9108817619999998     
 O   11.106847513000000        8.6016167719999999        6.8177074849999997     
 O   4.0969428670000001        6.7851101690000002        1.1096846060000001     
 O   4.9880772860000002        10.693983455000000        5.9104860779999999     
 O   10.545231742000000        7.1817814039999996        9.2541451880000007     
 O   8.9149425979999997        3.4952577969999998        14.675989032000000     
 O  0.75645352799999999        7.7471014159999996        3.0006940700000002     
 O  -2.0919433409999999        11.175534715000000        3.2024799229999998     
 O   8.6296631650000002        5.9965302920000001        10.866971485000001     
 O   3.9987646190000001        10.143533323000000        8.4336030090000005     
 O  -1.3475920960000001        4.1844476100000003        8.9002843889999994     
 O   5.3871298190000001        3.8979934030000001        10.690490885999999     
 O   9.0971383110000001        1.8973754650000001        9.7176515049999992     
 O   2.1694307600000000        4.9089758769999996        6.1679837080000004     
 O   8.8774239339999994        1.8171416170000001        5.2814639999999996E-003
 O   6.6975842580000000        4.9819547059999998        8.2172753660000009     
 O   1.8001709029999999        2.8948639200000001      -0.51228587199999998     
 O -0.74855291199999996      -0.11446526400000000        7.1083845250000000     
